diff= 5.141243 - 5.536613  
se = ((((0.399465)^2)/200)+(((0.764280)^2)/175))^(1/2)
z = ((diff)/se)

Prob1_LL2 = (diff)-(1.96)*se
Prob1_UL2 = (diff)+(1.96)*se
%se = (std/(saple size)^1/2

